2020 001    3.23    4.14    3.53    3.78    4.42    2.72
2020 002    3.20    4.12    3.38    3.77    4.40    2.70
2020 003    3.09    4.08    3.34    3.73    4.37    2.70
2020 004    3.09    4.04    3.30    3.66    4.30    2.67
2020 005    3.06    3.99    3.27    3.59    4.23    2.66
2020 006    3.03    3.96    3.27    3.56    4.20    2.69
2020 007    3.00    3.91    3.24    3.51    4.18    2.67
2020 008    2.96    3.87    3.15    3.42    4.12    2.64
2020 009    2.94    3.87    3.04    3.34    4.09    2.61
2020 010    2.81    3.83    2.88    3.34    4.07    2.56
2020 011    2.70    3.78    2.77    3.34    4.01    2.48
2020 012    2.61    3.64    2.65    3.33    3.94    2.38
2020 013    2.54    3.55    2.56    3.34    3.84    2.30
2020 014    2.50    3.52    2.53    3.34    3.81    2.25
2020 015    2.44    3.47    2.49    3.31    3.79    2.23
2020 016    2.38    3.38    2.45    3.27    3.74    2.22
2020 017    2.22    3.18    2.19    3.16    3.63    2.07
2020 018    2.23    3.16    2.17    2.98    3.57    1.52
2020 019    2.23    3.09    2.13    2.75    3.45    1.12
2020 020    2.26    2.99    2.03    2.53    3.34    0.79
2020 021    2.28    2.97    2.05    2.43    3.33    0.82
2020 022    2.28    3.03    2.10    2.35    3.36    0.20
2020 023    2.27    3.04    2.09    2.40    3.39    0.20
2020 024    2.25    3.06    2.12    2.51    3.34    0.20
2020 025    2.23    3.04    2.15    2.33    3.29    0.20
2020 026    2.12    3.01    2.12    2.21    3.23    0.20
2020 027    2.09    3.00    2.10    2.19    3.13    1.06
2020 028    2.07    2.97    2.08    2.16    3.05    1.25
2020 029    2.03    2.97    2.02    2.13    3.03    1.27
2020 030    1.99    2.94    1.93    2.08    2.99    1.29
2020 031    1.87    2.80    1.85    2.05    2.99    1.30
2020 032    1.88    2.92    1.85    2.06    2.94    0.20
2020 033    1.89    2.95    1.84    2.13    3.02    1.27
2020 034    1.92    2.98    1.85    2.15    3.10    1.69
2020 035    1.93    2.92    1.82    2.11    3.08    1.76
2020 036    1.91    2.82    1.78    2.02    2.99    1.70
2020 037    1.92    2.76    1.75    1.96    2.94    1.60
2020 038    1.86    2.68    1.64    1.87    2.86    0.87
2020 039    1.79    2.66    1.57    1.76    2.79    0.90
2020 040    1.69    2.66    1.58    1.70    2.58    0.78
2020 041    1.61    2.60    1.59    1.67    2.60    0.72
2020 042    1.63    2.61    1.59    1.65    2.65    0.73
2020 043    1.60    2.61    1.59    1.59    2.83    0.73
2020 044    1.53    2.53    1.54    1.50    2.74    0.67
2020 045    1.42    2.45    1.40    1.45    2.62    0.20
2020 046    1.37    2.45    1.37    1.38    2.61    0.20
2020 047    1.41    2.35    1.40    1.38    2.71    0.20
2020 048    1.32    2.28    1.38    1.34    2.72    0.24
2020 049    1.34    2.38    1.40    1.37    2.72    0.20
2020 050    1.35    2.32    1.40    1.37    2.73    0.20
2020 051    1.37    2.33    1.32    1.34    2.77    0.20
2020 052    1.48    2.33    1.31    1.26    2.71    0.20
2020 053    1.56    2.47    1.47    1.45    2.84    0.20
2020 054    1.56    2.54    1.52    1.54    2.89    0.47
2020 055    1.55    2.50    1.49    1.59    2.91    0.49
2020 056    1.54    2.44    1.43    1.55    2.89    0.33
2020 057    1.47    2.38    1.39    1.48    2.82    0.32
2020 058    1.38    2.32    1.28    1.40    2.77    0.52
2020 059    1.27    2.25    1.21    1.18    2.72    0.20
2020 060    1.22    2.26    1.13    1.06    2.61    0.20
2020 061    1.20    2.25    1.11    1.00    2.51    0.20
2020 062    1.22    2.29    1.15    1.21    2.64    0.44
2020 063    1.22    2.30    1.16    1.29    2.74    0.50
2020 064    1.20    2.34    1.22    1.30    2.79    0.51
2020 065    1.23    2.36    1.26    1.36    2.87    0.97
2020 066    1.22    2.38    1.22    1.50    2.93    0.94
2020 067    1.23    2.46    1.24    1.60    2.95    1.34
2020 068    1.26    2.58    1.36    1.74    3.05    1.60
2020 069    1.25    2.59    1.41    1.83    3.14    1.89
2020 070    1.21    2.57    1.46    1.99    3.10    2.28
2020 071    1.17    2.54    1.46    2.10    3.06    2.43
2020 072    1.19    2.54    1.47    2.32    3.12    2.71
2020 073    1.17    2.55    1.51    2.47    3.20    3.08
2020 074    1.15    2.54    1.56    2.52    3.25    3.11
2020 075    1.15    2.50    1.55    2.57    3.21    3.09
2020 076    1.17    2.53    1.50    2.60    3.17    3.13
2020 077    1.25    2.64    1.55    2.59    3.20    3.24
2020 078    1.25    2.63    1.56    2.62    3.25    3.34
2020 079    1.25    2.57    1.57    2.72    3.29    3.42
2020 080    1.25    2.47    1.55    2.83    3.34    3.52
2020 081    1.26    2.39    1.52    2.89    3.36    3.58
2020 082    1.22    2.38    1.51    2.93    3.37    3.57
2020 083    1.28    2.37    1.56    3.06    3.38    3.66
2020 084    1.32    2.40    1.62    3.31    3.38    3.79
2020 085    1.34    2.47    1.69    3.43    3.40    3.98
2020 086    1.38    2.55    1.78    3.55    3.46    4.14
2020 087    1.44    2.63    1.91    3.75    3.52    4.49
2020 088    1.47    2.71    1.96    4.05    3.57    4.98
2020 089    1.50    2.81    2.07    4.31    3.64    5.34
2020 090    1.56    2.94    2.21    4.45    3.70    5.59
2020 091    1.61    2.98    2.27    4.51    3.75    5.76
2020 092    1.68    2.97    2.33    4.53    3.78    5.81
2020 093    1.75    3.14    2.38    4.60    3.80    5.90
2020 094    1.81    3.25    2.34    4.78    3.81    6.16
2020 095    1.82    3.30    2.38    4.96    3.86    6.37
2020 096    1.80    3.31    2.43    5.09    3.93    6.45
2020 097    1.77    3.31    2.43    5.24    4.00    6.46
2020 098    1.75    3.36    2.48    5.32    4.09    6.58
2020 099    1.75    3.34    2.57    5.35    4.09    6.69
2020 100    1.77    3.30    2.59    5.30    4.05    6.52
2020 101    1.76    3.29    2.58    5.26    4.04    6.38
2020 102    1.75    3.32    2.61    5.32    4.05    6.30
2020 103    1.77    3.33    2.61    5.35    4.07    6.22
2020 104    1.77    3.33    2.65    5.39    4.16    6.14
2020 105    1.74    3.31    2.65    5.41    4.21    6.05
2020 106    1.73    3.31    2.61    5.36    4.20    5.75
2020 107    1.78    3.35    2.64    5.34    4.20    5.47
2020 108    1.83    3.43    2.74    5.40    4.26    5.26
2020 109    1.86    3.54    2.81    5.48    4.34    5.21
2020 110    1.87    3.61    2.78    5.62    4.41    5.38
2020 111    1.89    3.64    2.92    5.85    4.46    5.48
2020 112    1.93    3.65    2.95    5.87    4.44    5.50
2020 113    1.98    3.64    2.98    5.82    4.41    5.53
2020 114    2.00    3.66    2.99    5.87    4.45    5.61
2020 115    2.06    3.71    3.04    5.98    4.48    5.80
2020 116    2.14    3.78    3.06    6.03    4.52    6.01
2020 117    2.24    3.91    3.24    6.21    4.62    6.35
2020 118    2.28    3.97    3.42    6.46    4.69    6.70
2020 119    2.32    4.07    3.53    6.59    4.71    7.02
2020 120    2.40    4.23    3.69    6.77    4.82    7.63
2020 121    2.49    4.34    3.89    7.08    4.98    8.49
2020 122    2.57    4.42    4.03    7.35    5.14    9.12
2020 123    2.69    4.66    4.16    7.57    5.26    9.32
2020 124    2.67    4.79    4.26    7.78    5.45    9.41
2020 125    2.62    4.78    4.29    7.74    5.37    9.45
2020 126    2.59    4.81    4.28    7.71    5.31    9.34
2020 127    2.60    4.88    4.33    7.77    5.35    9.26
2020 128    2.60    4.86    4.28    7.79    5.38    9.22
2020 129    2.57    4.76    4.20    7.74    5.35    8.99
2020 130    2.56    4.73    4.15    7.67    5.27    8.71
2020 131    2.64    4.79    4.19    7.66    5.23    8.53
2020 132    2.73    4.86    4.30    7.71    5.23    8.42
2020 133    2.82    4.95    4.36    7.75    5.24    8.43
2020 134    2.88    5.05    4.47    7.92    5.35    8.73
2020 135    2.92    5.16    4.57    8.04    5.52    8.92
2020 136    2.94    5.35    4.69    8.17    5.78    8.99
2020 137    2.96    5.49    4.84    8.36    6.07    9.16
2020 138    3.33    5.73    5.15    8.89    6.49    9.62
2020 139    3.79    6.14    5.61    9.51    6.89   10.29
2020 140    4.08    6.54    5.92   10.03    7.14   11.04
2020 141    4.35    6.83    6.09   10.26    7.33   11.62
2020 142    4.65    7.27    6.52   10.56    7.87   12.49
2020 143    5.09    7.99    7.36   11.41    8.91   13.44
2020 144    5.29    8.78    8.01   12.97   10.18   14.60
2020 145    5.16    9.01    8.19   13.85   10.74   15.21
2020 146    5.00    9.81    8.63   15.57   11.93   16.45
2020 147    4.91   10.53    9.35   17.08   13.63   17.68
2020 148    4.70   10.56    9.50   16.64   13.44   17.03
2020 149    4.39   10.37    8.97   15.55   12.38   16.18
2020 150    4.17   10.25    8.49   14.68   11.58   15.83
2020 151    4.08   10.21    8.20   14.12   11.13   15.58
2020 152    4.16   10.13    8.04   13.85   10.82   15.52
2020 153    4.34   10.29    8.12   13.84   10.88   15.58
2020 154    4.56   10.86    8.66   14.21   11.48   15.84
2020 155    4.57   11.02    9.35   14.88   12.36   16.33
2020 156    4.52   11.14    9.91   15.53   13.07   17.07
2020 157    4.60   11.30   10.21   16.18   13.60   17.80
2020 158    4.58   11.40   10.19   16.44   13.56   18.14
2020 159    4.63   11.39   10.11   16.51   13.53   18.20
2020 160    4.95   11.40   10.31   16.72   13.79   18.14
2020 161    5.38   11.31   10.78   17.05   14.33   18.33
2020 162    5.19   11.06   10.81   17.40   14.72   18.76
2020 163    4.87   10.78   10.22   17.32   14.56   18.95
2020 164    4.81   10.77    9.86   17.24   14.27   18.93
2020 165    4.87   10.95    9.99   17.15   14.20   18.78
2020 166    5.04   11.27   10.43   17.06   14.42   18.67
2020 167    5.35   11.74   11.11   17.05   14.91   18.70
2020 168    5.82   12.43   12.09   17.34   15.76   18.96
2020 169    6.46   13.26   13.39   18.08   16.86   19.42
2020 170    6.93   14.18   14.57   19.10   18.10   19.99
2020 171    7.10   15.03   15.58   20.07   19.08   20.61
2020 172    7.14   15.18   15.94   20.67   19.96   20.84
2020 173    7.12   15.03   15.87   21.11   20.71   20.82
2020 174    7.15   15.06   15.82   21.08   20.92   20.91
2020 175    7.26   15.03   15.72   20.67   20.46   20.79
2020 176    7.32   15.10   15.34   20.05   19.55   20.58
2020 177    7.48   15.38   14.98   19.95   19.10   20.66
2020 178    7.88   16.06   14.90   20.34   19.10   21.07
2020 179    8.42   17.09   15.44   20.92   19.26   21.53
2020 180    8.93   18.14   15.85   21.23   19.37   21.91
2020 181    9.54   19.07   16.87   21.77   19.76   22.52
2020 182   10.59   19.88   17.91   22.18   20.28   22.94
2020 183   11.51   20.46   18.78   22.52   20.85   23.32
2020 184   12.04   21.13   19.26   22.98   21.30   23.79
2020 185   12.18   21.94   19.68   23.42   21.72   24.32
2020 186   12.28   22.54   20.14   23.86   22.11   24.53
2020 187   12.50   23.05   20.61   24.42   22.47   24.72
2020 188   12.75   23.47   21.15   25.03   23.07   25.06
2020 189   12.84   23.75   21.54   25.49   23.72   25.42
2020 190   13.01   23.87   21.88   25.81   24.20   25.70
2020 191   13.09   23.72   22.29   26.23   24.72   26.06
2020 192   12.98   23.19   22.18   26.28   24.92   26.02
2020 193   12.94   22.78   21.43   25.68   24.62   25.49
2020 194   13.04   22.42   20.77   24.93   24.01   24.97
2020 195   13.31   22.16   20.21   24.46   23.51   24.64
2020 196   13.34   22.07   20.09   24.37   23.26   24.63
2020 197   13.29   21.99   20.30   24.44   23.29   24.70
2020 198   13.44   21.86   20.43   24.51   23.18   24.66
2020 199   13.68   21.85   20.48   24.53   22.91   24.65
2020 200   13.85   21.93   20.51   24.64   22.84   24.73
2020 201   13.69   21.91   20.45   24.77   23.11   24.84
2020 202   13.38   21.78   20.32   24.74   23.22   24.80
2020 203   13.46   21.75   20.28   24.73   23.28   24.71
2020 204   13.71   21.90   20.31   24.78   23.43   24.56
2020 205   13.90   22.02   20.39   24.85   23.55   24.47
2020 206   14.28   22.18   20.61   24.98   23.60   24.48
2020 207   14.57   22.33   20.79   25.12   23.72   24.60
2020 208   14.67   22.49   20.96   25.23   23.83   24.91
2020 209   14.65   22.58   21.07   25.29   23.86   25.16
2020 210   14.78   22.63   21.13   25.18   23.81   25.04
2020 211   15.09   22.70   21.18   25.07   23.75   24.83
2020 212   15.42   22.70   21.27   25.00   23.83   24.70
2020 213   15.78   22.64   21.46   24.96   24.01   24.62
2020 214   15.96   22.59   21.65   24.81   24.12   24.39
2020 215   15.73   22.39   21.58   24.50   23.94   23.99
2020 216   15.41   21.94   21.28   24.32   23.52   23.81
2020 217   15.31   21.47   20.92   24.19   23.12   23.72
2020 218   15.41   21.26   20.64   24.08   22.78   23.66
2020 219   15.67   21.26   20.59   24.06   22.77   23.72
2020 220   15.97   21.34   20.79   24.08   22.87   23.78
2020 221   16.16   21.48   20.97   24.22   23.06   23.97
2020 222   16.35   21.60   21.24   24.37   23.20   24.22
2020 223   16.49   21.75   21.51   24.57   23.39   24.52
2020 224   16.58   21.89   21.55   24.62   23.51   24.64
2020 225   16.82   22.13   21.61   24.55   23.57   24.63
2020 226   17.09   22.36   21.81   24.56   23.83   24.63
2020 227   17.17   22.57   22.05   24.54   23.92   24.56
2020 228   17.05   22.56   22.05   24.43   23.84   24.47
2020 229   17.00   22.40   21.86   24.21   23.72   24.21
2020 230   17.04   22.29   21.66   24.07   23.59   23.86
2020 231   17.06   22.19   21.51   24.06   23.46   23.63
2020 232   17.15   22.12   21.38   24.04   23.31   23.56
2020 233   17.38   22.13   21.31   24.08   23.26   23.58
2020 234   17.70   22.21   21.24   24.21   23.32   23.75
2020 235   17.94   22.37   21.27   24.36   23.50   24.02
2020 236   18.21   22.55   21.45   24.49   23.73   24.26
2020 237   18.29   22.64   21.52   24.61   23.88   24.40
2020 238   18.14   22.70   21.51   24.58   23.78   24.44
2020 239   17.98   22.72   21.35   24.40   23.53   24.36
2020 240   17.84   22.70   21.04   24.32   23.24   24.26
2020 241   17.65   22.54   20.72   24.31   22.90   23.98
2020 242   17.25   22.23   20.38   24.20   22.61   23.68
2020 243   16.83   21.93   20.17   24.06   22.32   23.59
2020 244   16.41   21.65   20.06   24.00   22.22   23.46
2020 245   15.90   21.33   19.95   23.93   22.21   23.31
2020 246   15.54   21.07   19.83   23.79   22.10   23.21
2020 247   14.94   20.84   19.68   23.63   21.93   23.11
2020 248   13.95   20.46   19.29   23.48   21.72   22.88
2020 249   13.45   20.15   18.85   23.21   21.41   22.54
2020 250   13.24   19.98   18.63   22.92   21.12   22.18
2020 251   12.85   19.85   18.52   22.70   20.97   21.98
2020 252   12.59   19.57   18.30   22.40   20.83   21.61
2020 253   12.37   19.07   17.93   22.13   20.52   21.06
2020 254   12.26   18.52   17.54   21.89   20.19   20.53
2020 255   12.31   18.23   17.33   21.63   19.92   20.23
2020 256   12.31   18.06   17.10   21.49   19.75   20.12
2020 257   12.19   17.84   16.69   21.27   19.58   19.98
2020 258   12.12   17.72   16.44   20.97   19.36   19.79
2020 259   12.11   17.69   16.28   20.75   19.18   19.50
2020 260   12.11   17.66   16.20   20.64   19.08   19.34
2020 261   12.09   17.61   16.12   20.46   18.98   19.22
2020 262   12.08   17.54   15.98   20.24   18.85   18.93
2020 263   12.04   17.38   15.87   20.01   18.68   18.48
2020 264   11.98   17.25   15.81   19.79   18.50   18.10
2020 265   12.03   17.16   15.76   19.60   18.39   17.94
2020 266   12.08   17.15   15.78   19.44   18.30   17.93
2020 267   12.16   17.21   15.91   19.35   18.30   18.06
2020 268   12.15   17.29   15.96   19.42   18.39   18.46
2020 269   12.10   17.37   16.02   19.59   18.56   18.81
2020 270   12.07   17.34   16.02   19.71   18.68   18.91
2020 271   12.03   17.15   15.93   19.70   18.82   18.90
2020 272   11.98   16.84   15.82   19.62   18.91   18.79
2020 273   11.85   16.53   15.72   19.43   18.77   18.50
2020 274   11.73   16.18   15.58   19.09   18.33   17.99
2020 275   11.56   15.91   15.35   18.71   17.87   17.32
2020 276   11.39   15.65   15.08   18.30   17.52   16.66
2020 277   11.25   15.31   14.80   17.94   17.17   16.04
2020 278   11.21   15.04   14.53   17.61   16.79   15.57
2020 279   11.12   14.94   14.45   17.40   16.52   15.34
2020 280   10.97   14.78   14.34   17.23   16.29   15.21
2020 281   10.87   14.67   14.15   17.10   15.91   15.17
2020 282   10.86   14.64   14.02   17.05   15.56   15.16
2020 283   10.82   14.58   13.96   16.99   15.39   15.19
2020 284   10.73   14.49   13.95   16.95   15.35   15.28
2020 285   10.63   14.40   13.91   16.88   15.33   15.34
2020 286   10.46   14.27   13.79   16.83   15.29   15.40
2020 287   10.28   14.12   13.69   16.83   15.18   15.43
2020 288   10.20   13.98   13.57   16.71   15.07   15.29
2020 289   10.12   13.70   13.43   16.47   14.95   14.92
2020 290    9.95   13.40   13.12   16.16   14.68   14.29
2020 291    9.82   13.32   12.91   16.00   14.47   14.02
2020 292    9.70   13.26   12.82   16.01   14.44   14.11
2020 293    9.64   13.00   12.57   15.99   14.43   14.14
2020 294    9.62   12.85   12.44   15.84   14.24   14.00
2020 295    9.25   12.54   12.32   15.61   13.96   13.81
2020 296    8.92   12.13   12.12   15.45   13.85   13.62
2020 297    8.42   11.72   11.92   15.50   13.98   13.68
2020 298    7.64   11.08   11.36   15.32   13.89   13.51
2020 299    7.45   10.77   10.89   14.89   13.63   13.00
2020 300    7.35   10.63   10.52   14.40   13.20   12.29
2020 301    7.26   10.61   10.37   13.82   12.79   11.64
2020 302    7.21   10.56   10.31   13.43   12.49   11.35
2020 303    7.18   10.35   10.18   13.12   12.26   11.05
2020 304    7.17   10.10   10.00   12.89   12.07   10.41
2020 305    7.15   10.00    9.86   12.83   11.97    9.91
2020 306    7.05    9.80    9.68   12.64   11.82    9.61
2020 307    6.99    9.61    9.52   12.29   11.45    9.28
2020 308    7.08    9.64    9.46   12.10   10.97    9.07
2020 309    7.13    9.75    9.50   12.09   10.70    9.17
2020 310    7.09    9.76    9.51   12.07   10.63    9.37
2020 311    7.13    9.74    9.52   12.03   10.55    9.55
2020 312    7.24    9.77    9.65   12.17   10.60    9.98
2020 313    7.36    9.81    9.79   12.37   10.79   10.41
2020 314    7.34    9.78    9.81   12.47   10.83   10.65
2020 315    7.15    9.52    9.69   12.53   10.82   11.03
2020 316    6.85    9.32    9.49   12.42   10.73   11.32
2020 317    6.62    9.21    9.38   12.26   10.61   11.15
2020 318    6.47    9.10    9.32   12.09   10.43   10.89
2020 319    6.33    8.93    9.19   11.87   10.20   10.50
2020 320    6.25    8.73    9.10   11.74   10.10   10.28
2020 321    6.11    8.42    8.95   11.53   10.00    9.84
2020 322    5.92    8.13    8.65   11.12    9.73    8.81
2020 323    5.73    7.92    8.28   10.63    9.33    7.97
2020 324    5.55    7.82    7.96   10.31    8.84    7.70
2020 325    5.51    7.76    7.82   10.18    8.56    7.59
2020 326    5.45    7.69    7.68   10.08    8.52    7.35
2020 327    5.36    7.61    7.53    9.82    8.50    6.62
2020 328    5.31    7.53    7.27    9.43    8.31    6.03
2020 329    5.23    7.49    7.12    9.25    8.22    5.63
2020 330    5.21    7.49    6.90    8.87    8.07    4.71
2020 331    5.20    7.48    6.79    8.50    8.01    4.18
2020 332    5.19    7.46    7.00    8.86    7.99    5.64
2020 333    5.18    7.48    7.11    9.04    8.00    6.42
2020 334    5.16    7.46    7.11    9.01    8.00    6.43
2020 335    5.14    7.35    7.07    8.85    7.97    6.21
2020 336    5.13    7.19    7.00    8.51    7.83    5.69
2020 337    5.12    7.11    6.97    8.29    7.70    5.14
2020 338    5.09    7.06    6.93    8.17    7.62    4.88
2020 339    5.05    7.01    6.87    8.12    7.53    4.89
2020 340    5.03    6.98    6.75    8.06    7.38    4.92
2020 341    5.01    6.93    6.62    7.91    7.22    4.76
2020 342    4.99    6.84    6.53    7.66    7.13    4.49
2020 343    4.98    6.73    6.46    7.40    7.10    4.13
2020 344    4.97    6.63    6.37    7.14    7.00    3.97
2020 345    4.94    6.62    6.30    7.00    6.86    4.03
2020 346    4.91    6.64    6.26    6.95    6.76    3.96
2020 347    4.80    6.57    6.16    6.95    6.72    3.94
2020 348    4.72    6.43    5.81    6.85    6.60    3.86
2020 349    4.63    6.32    5.69    6.67    6.50    3.84
2020 350    4.57    6.21    5.60    6.56    6.45    3.74
2020 351    4.50    6.12    5.54    6.47    6.33    3.53
2020 352    4.46    6.03    5.43    6.30    6.06    3.32
2020 353    4.46    5.94    5.27    6.09    5.90    3.15
2020 354    4.46    5.86    5.20    5.89    5.87    3.06
2020 355    4.35    5.68    5.11    5.76    5.90    3.06
2020 356    4.30    5.60    5.04    5.48    5.91    3.04
2020 357    4.17    5.53    4.98    5.33    5.85    3.05
2020 358    4.07    5.47    4.95    5.13    5.82    3.03
2020 359    4.02    5.34    4.88    4.95    5.78    2.98
2020 360    3.91    5.20    4.79    4.71    5.66    2.87
2020 361    3.85    5.10    4.64    4.51    5.50    2.75
2020 362    3.79    4.95    4.49    4.30    5.41    2.16
2020 363    3.75    4.91    4.45    4.16    5.33    2.27
2020 364    3.71    4.82    4.17    4.07    5.20    2.25
2020 365    3.68    4.80    4.15    4.03    5.10    2.54
2020 366    3.71    4.75    4.13    3.97    5.10    2.60