2019 001    3.29    4.19    3.50    4.06    4.59    2.92
2019 002    3.22    4.15    3.43    4.06    4.62    2.87
2019 003    3.21    4.17    3.43    4.07    4.70    2.85
2019 004    3.28    4.23    3.46    4.06    4.71    2.89
2019 005    3.26    4.31    3.45    4.00    4.67    2.87
2019 006    3.27    4.32    3.37    3.97    4.58    2.87
2019 007    3.29    4.28    3.30    3.92    4.50    2.88
2019 008    3.29    4.23    3.21    3.82    4.42    2.87
2019 009    3.18    4.15    3.09    3.65    4.28    2.79
2019 010    3.09    4.07    2.98    3.42    4.12    2.62
2019 011    2.99    3.94    2.83    3.22    3.98    1.95
2019 012    2.90    3.82    2.66    3.05    3.79    1.89
2019 013    2.81    3.69    2.65    3.12    3.76    1.52
2019 014    2.81    3.59    2.51    3.01    3.66    0.87
2019 015    2.79    3.56    2.47    2.81    3.57    0.80
2019 016    2.79    3.41    2.43    2.59    3.57    0.76
2019 017    2.74    3.37    2.37    2.22    3.40    0.72
2019 018    2.62    3.24    2.28    2.13    3.45    0.46
2019 019    2.39    3.10    2.11    1.76    3.16    0.20
2019 020    2.25    2.86    1.96    1.50    2.93    0.20
2019 021    2.06    2.80    1.84    1.32    2.72    0.20
2019 022    2.02    2.76    1.68    1.16    2.67    0.20
2019 023    2.02    2.76    1.75    1.17    2.74    0.20
2019 024    2.06    2.72    1.70    1.34    2.76    0.20
2019 025    1.98    2.50    1.56    1.03    2.61    0.20
2019 026    1.81    2.45    1.47    0.74    2.64    0.20
2019 027    1.85    2.50    1.37    0.71    2.52    0.20
2019 028    1.48    2.19    1.16    0.46    2.37    0.20
2019 029    1.33    2.03    1.29    0.46    2.35    0.20
2019 030    1.32    1.95    1.28    0.30    2.39    0.20
2019 031    1.06    1.79    1.14    0.23    2.30    0.20
2019 032    0.79    1.54    1.02    0.20    2.04    0.20
2019 033    0.70    1.73    0.93    0.20    2.12    0.20
2019 034    0.75    1.73    0.92    0.32    2.41    0.20
2019 035    0.68    1.66    0.89    0.25    2.60    0.20
2019 036    0.71    1.73    0.97    0.20    2.55    0.20
2019 037    0.64    1.72    0.92    0.30    2.48    0.20
2019 038    0.57    1.61    0.87    0.28    2.22    0.20
2019 039    0.40    1.58    0.86    0.27    2.29    0.20
2019 040    0.41    1.60    0.83    0.20    2.23    0.20
2019 041    0.37    1.56    0.68    0.20    2.12    0.20
2019 042    0.36    1.57    0.58    0.20    2.02    0.20
2019 043    0.36    1.50    0.57    0.20    1.93    0.20
2019 044    0.38    1.44    0.61    0.20    2.01    0.20
2019 045    0.37    1.39    0.63    0.20    2.02    0.20
2019 046    0.36    1.51    0.62    0.20    2.08    0.20
2019 047    0.36    1.48    0.60    0.20    2.04    0.20
2019 048    0.34    1.41    0.55    0.20    1.89    0.20
2019 049    0.32    1.34    0.49    0.20    1.76    0.20
2019 050    0.29    1.24    0.49    0.20    1.65    0.20
2019 051    0.29    1.36    0.45    0.20    1.40    0.20
2019 052    0.29    1.49    0.45    0.20    1.61    0.20
2019 053    0.29    1.41    0.48    0.20    1.85    0.20
2019 054    0.31    1.50    0.49    0.20    1.89    0.20
2019 055    0.31    1.46    0.45    0.20    1.95    0.20
2019 056    0.28    1.42    0.49    0.20    1.85    0.20
2019 057    0.25    1.36    0.46    0.20    1.53    0.20
2019 058    0.25    1.28    0.41    0.20    1.51    0.20
2019 059    0.23    1.30    0.37    0.20    1.36    0.20
2019 060    0.23    1.11    0.20    0.20    1.12    0.20
2019 061    0.23    1.10    0.32    0.20    1.36    0.20
2019 062    0.23    1.16    0.29    0.20    1.29    0.20
2019 063    0.21    1.13    0.28    0.20    1.35    0.20
2019 064    0.20    0.94    0.22    0.20    1.39    0.20
2019 065    0.20    0.90    0.29    0.20    1.35    0.20
2019 066    0.20    1.00    0.24    0.20    1.35    0.20
2019 067    0.20    0.89    0.20    0.20    1.27    0.20
2019 068    0.20    0.96    0.20    0.20    1.32    0.20
2019 069    0.20    1.11    0.20    0.20    1.54    0.20
2019 070    0.20    1.25    0.20    0.20    1.80    0.20
2019 071    0.21    1.37    0.33    0.27    1.92    0.20
2019 072    0.21    1.45    0.34    0.32    1.97    0.20
2019 073    0.20    1.43    0.35    0.38    1.97    0.20
2019 074    0.20    1.45    0.35    0.44    1.97    0.20
2019 075    0.20    1.41    0.64    0.84    1.90    1.41
2019 076    0.35    1.41    0.60    0.82    1.86    0.89
2019 077    0.34    1.49    0.71    0.88    1.87    1.64
2019 078    0.33    1.53    0.58    1.03    1.94    1.85
2019 079    0.38    1.62    0.70    1.19    2.05    2.10
2019 080    0.53    1.73    0.81    1.29    2.13    2.31
2019 081    0.59    1.82    1.02    1.47    2.20    2.51
2019 082    0.65    1.91    1.09    1.56    2.29    2.94
2019 083    0.70    1.99    1.17    1.70    2.37    3.11
2019 084    0.58    1.99    1.06    1.75    2.28    3.33
2019 085    0.76    1.99    1.09    1.77    2.27    3.39
2019 086    0.76    2.06    1.07    1.80    2.30    3.39
2019 087    0.75    2.07    1.13    1.91    2.35    3.43
2019 088    0.73    2.00    1.20    2.01    2.38    3.50
2019 089    0.73    1.95    1.16    2.07    2.33    3.59
2019 090    0.72    1.94    1.06    2.14    2.26    3.65
2019 091    0.88    1.98    1.10    2.21    2.23    3.70
2019 092    0.88    2.04    1.13    2.32    2.26    3.98
2019 093    0.92    2.10    1.16    2.47    2.31    4.34
2019 094    0.99    2.11    1.17    2.48    2.26    4.46
2019 095    0.96    2.13    1.18    2.60    2.32    4.68
2019 096    1.04    2.19    1.30    2.98    2.51    5.22
2019 097    1.07    2.36    1.39    3.18    2.63    5.50
2019 098    1.14    2.47    1.48    3.43    2.74    5.83
2019 099    1.20    2.49    1.61    3.66    2.75    6.12
2019 100    1.28    2.50    1.62    3.65    2.75    6.28
2019 101    1.30    2.54    1.74    3.69    2.85    6.55
2019 102    1.34    2.68    1.77    3.84    2.96    6.81
2019 103    1.34    2.64    1.85    4.03    3.04    6.87
2019 104    1.39    2.70    1.89    4.17    3.04    6.92
2019 105    1.43    2.81    2.01    4.25    3.05    6.98
2019 106    1.42    2.87    1.97    4.36    3.02    6.98
2019 107    1.41    2.95    1.92    4.42    2.91    7.04
2019 108    1.55    3.04    1.97    4.61    2.95    7.16
2019 109    1.63    3.13    2.02    4.94    3.09    7.45
2019 110    1.70    3.22    1.99    5.12    3.23    7.67
2019 111    1.68    3.26    2.02    5.21    3.38    7.79
2019 112    1.64    3.26    2.13    5.29    3.50    7.92
2019 113    1.63    3.20    2.26    5.50    3.48    8.08
2019 114    1.57    3.19    2.31    5.60    3.30    8.18
2019 115    1.58    3.35    2.34    5.71    3.22    8.37
2019 116    1.60    3.37    2.38    5.87    3.38    8.54
2019 117    1.55    3.35    2.38    5.94    3.54    8.58
2019 118    1.51    3.35    2.52    6.07    3.62    8.68
2019 119    1.66    3.36    2.58    6.11    3.62    8.68
2019 120    1.72    3.43    2.63    6.19    3.68    8.65
2019 121    1.79    3.52    2.75    6.47    3.81    8.76
2019 122    1.82    3.59    2.85    6.90    4.01    8.92
2019 123    1.85    3.63    2.92    7.27    4.21    9.14
2019 124    2.00    3.76    3.03    7.65    4.40    9.43
2019 125    2.06    3.95    3.20    7.96    4.60    9.80
2019 126    2.07    4.07    3.30    8.05    4.74    9.83
2019 127    2.14    4.15    3.31    7.98    4.69    9.65
2019 128    2.17    4.20    3.32    7.78    4.62    9.55
2019 129    2.17    4.24    3.38    7.80    4.62    9.69
2019 130    2.19    4.25    3.43    7.70    4.58    9.83
2019 131    2.25    4.27    3.48    7.69    4.54    9.89
2019 132    2.33    4.35    3.64    7.90    4.62    9.93
2019 133    2.40    4.48    3.84    8.18    4.74    9.95
2019 134    2.50    4.65    4.01    8.36    4.81   10.08
2019 135    2.62    4.88    4.10    8.52    4.84   10.30
2019 136    2.73    4.95    4.11    8.71    5.01   10.37
2019 137    2.76    4.97    4.17    8.97    5.30   10.52
2019 138    2.74    5.04    4.23    9.32    5.63   10.97
2019 139    2.72    5.14    4.33    9.70    6.18   11.42
2019 140    2.73    5.21    4.42    9.80    5.86   11.36
2019 141    2.72    5.39    4.52    9.90    5.60   11.40
2019 142    2.80    5.71    4.63   10.22    5.63   11.68
2019 143    3.05    5.93    4.83   10.54    5.83   12.13
2019 144    3.31    6.21    5.05   10.70    5.96   12.98
2019 145    3.50    6.77    5.30   11.30    6.18   14.06
2019 146    3.57    7.04    5.47   11.87    6.54   14.50
2019 147    3.63    6.96    5.56   12.23    6.81   14.77
2019 148    3.73    7.05    5.71   12.50    6.87   14.93
2019 149    3.82    7.26    5.84   12.82    6.87   15.05
2019 150    3.77    7.35    5.89   13.19    6.95   15.12
2019 151    3.71    7.40    5.91   13.52    7.10   15.25
2019 152    3.64    7.27    6.02   13.64    7.19   15.34
2019 153    3.58    7.09    6.03   13.51    7.12   15.29
2019 154    3.62    7.19    6.02   13.44    7.04   15.22
2019 155    3.88    7.62    6.18   13.46    7.11   15.25
2019 156    4.27    8.32    6.59   13.68    7.51   15.37
2019 157    4.63    8.97    7.09   14.13    8.19   15.64
2019 158    5.01    9.51    7.61   14.64    8.69   16.03
2019 159    5.22    9.63    7.92   14.94    8.95   16.16
2019 160    4.97    9.40    7.79   15.12    8.95   16.25
2019 161    4.57    9.20    7.49   15.22    8.75   16.35
2019 162    4.49    9.18    7.41   15.33    8.62   16.45
2019 163    4.52    9.09    7.53   15.56    8.72   16.49
2019 164    4.54    8.88    7.63   15.56    9.02   16.34
2019 165    4.64    8.80    7.66   15.39    9.43   16.21
2019 166    4.73    9.01    7.81   15.59    9.84   16.31
2019 167    4.82    9.32    8.06   16.05   10.46   16.52
2019 168    4.97    9.73    8.61   16.61   11.25   16.87
2019 169    5.21   10.18    9.16   17.33   12.52   17.33
2019 170    5.39   10.36    9.51   17.53   13.12   17.39
2019 171    5.46   10.45    9.67   17.29   13.12   17.01
2019 172    5.60   10.54    9.78   17.13   12.97   16.95
2019 173    5.78   11.07   10.17   17.43   12.90   17.16
2019 174    6.00   11.66   10.75   18.09   13.29   17.67
2019 175    6.31   12.13   11.27   18.54   14.11   18.06
2019 176    6.71   12.41   11.75   18.82   15.12   18.62
2019 177    6.98   12.82   12.20   19.30   16.03   19.34
2019 178    7.30   13.62   12.88   20.27   17.00   20.06
2019 179    7.76   14.64   13.45   21.11   17.67   20.90
2019 180    8.06   15.81   13.83   21.33   18.05   21.53
2019 181    8.23   16.44   13.87   21.36   18.09   21.79
2019 182    8.67   17.24   14.51   21.70   18.33   22.14
2019 183    9.20   18.07   15.78   22.39   19.08   22.77
2019 184    9.64   18.74   16.87   23.31   19.93   23.41
2019 185    9.76   19.20   17.64   24.08   20.81   23.84
2019 186    9.46   19.20   17.79   24.55   21.60   24.08
2019 187    8.94   18.65   17.24   24.34   21.47   23.65
2019 188    8.87   17.92   16.74   23.48   20.84   22.86
2019 189    9.27   17.86   16.73   22.91   20.59   22.53
2019 190    9.67   18.20   17.04   23.06   20.73   22.74
2019 191    9.70   18.46   17.40   23.63   21.20   23.19
2019 192    9.47   18.35   17.33   23.65   21.33   23.35
2019 193    9.64   18.42   17.08   23.37   20.98   23.15
2019 194    9.87   18.82   17.08   23.39   20.83   23.30
2019 195   10.20   19.23   17.11   23.55   20.85   23.53
2019 196   10.82   19.61   17.37   23.72   21.03   23.74
2019 197   11.31   19.81   17.79   23.92   21.42   23.96
2019 198   11.50   20.02   18.11   24.16   21.67   24.22
2019 199   11.68   20.17   18.40   24.35   22.02   24.30
2019 200   11.79   20.25   18.70   24.52   22.31   24.52
2019 201   11.53   20.07   18.69   24.68   22.39   25.04
2019 202   11.33   19.78   18.58   24.52   22.18   24.75
2019 203   11.29   19.58   18.37   24.12   21.93   24.04
2019 204   11.48   19.44   18.18   23.79   21.74   23.57
2019 205   12.05   19.53   18.20   23.61   21.67   23.34
2019 206   12.72   19.76   18.44   23.63   21.78   23.44
2019 207   13.01   19.92   18.84   23.80   22.15   23.66
2019 208   13.23   20.00   19.12   23.98   22.57   23.84
2019 209   13.39   20.16   19.39   24.08   22.71   23.99
2019 210   13.05   20.26   19.41   24.16   22.76   24.08
2019 211   12.77   20.27   19.23   24.27   22.72   24.05
2019 212   13.06   20.32   19.15   24.31   22.66   23.82
2019 213   13.73   20.52   19.35   24.32   22.74   23.60
2019 214   14.55   20.85   19.69   24.38   22.89   23.56
2019 215   15.14   21.23   19.99   24.50   23.05   23.71
2019 216   15.50   21.44   20.18   24.67   23.12   24.03
2019 217   15.53   21.54   20.31   24.83   23.17   24.26
2019 218   15.46   21.61   20.37   24.86   23.18   24.25
2019 219   15.35   21.66   20.41   24.71   23.04   24.05
2019 220   15.12   21.56   20.22   24.53   22.82   23.88
2019 221   15.04   21.51   19.95   24.34   22.44   23.75
2019 222   15.27   21.56   19.76   24.22   22.07   23.62
2019 223   15.67   21.62   19.76   24.16   21.79   23.60
2019 224   15.99   21.66   19.88   24.17   21.80   23.68
2019 225   16.12   21.70   19.92   24.14   21.91   23.83
2019 226   16.20   21.66   19.88   24.04   21.75   23.77
2019 227   16.34   21.60   19.85   23.98   21.64   23.59
2019 228   16.49   21.56   19.86   23.94   21.72   23.60
2019 229   16.60   21.57   19.95   23.98   21.91   23.68
2019 230   16.51   21.63   20.06   24.09   22.12   23.86
2019 231   16.29   21.72   20.15   24.19   22.17   24.09
2019 232   16.21   21.75   20.22   24.26   22.25   24.11
2019 233   16.07   21.68   20.17   24.27   22.35   23.94
2019 234   15.98   21.51   19.90   24.07   22.20   23.75
2019 235   16.08   21.34   19.66   23.83   21.87   23.46
2019 236   16.19   21.24   19.57   23.57   21.60   23.06
2019 237   16.24   21.10   19.60   23.37   21.51   22.76
2019 238   16.03   20.79   19.57   23.18   21.51   22.59
2019 239   15.66   20.45   19.41   22.84   21.43   22.32
2019 240   15.05   20.18   19.20   22.59   21.28   22.12
2019 241   14.35   19.88   18.99   22.48   21.07   22.08
2019 242   13.94   19.68   18.75   22.37   20.90   22.05
2019 243   13.99   19.55   18.59   22.29   20.78   21.96
2019 244   14.01   19.37   18.49   22.19   20.66   21.72
2019 245   13.82   19.20   18.33   22.03   20.41   21.41
2019 246   13.60   19.05   18.13   21.94   20.22   21.26
2019 247   13.44   18.82   17.87   21.86   20.06   21.15
2019 248   13.44   18.69   17.73   21.84   20.03   21.04
2019 249   13.49   18.55   17.64   21.80   20.02   20.92
2019 250   13.51   18.32   17.42   21.75   19.86   20.82
2019 251   13.51   18.26   17.28   21.68   19.63   20.66
2019 252   13.49   18.15   17.21   21.60   19.45   20.49
2019 253   13.41   18.14   17.17   21.74   19.35   20.64
2019 254   13.22   18.13   17.08   22.03   19.33   20.94
2019 255   12.97   17.96   16.93   21.88   19.20   20.52
2019 256   12.65   17.75   16.82   21.56   19.09   20.22
2019 257   12.42   17.65   16.69   21.39   18.99   20.22
2019 258   12.42   17.75   16.66   21.35   18.93   20.24
2019 259   12.74   18.01   16.83   21.39   18.93   20.39
2019 260   13.21   18.29   17.05   21.38   18.99   20.48
2019 261   13.54   18.41   17.18   21.39   19.02   20.51
2019 262   13.72   18.48   17.29   21.44   19.14   20.56
2019 263   13.84   18.69   17.49   21.57   19.32   20.78
2019 264   13.82   18.82   17.63   21.78   19.55   21.04
2019 265   13.66   18.48   17.54   21.85   19.64   21.11
2019 266   13.60   18.11   17.35   21.54   19.43   20.83
2019 267   13.59   18.04   17.32   21.24   19.07   20.42
2019 268   13.46   17.92   17.22   21.06   18.89   20.13
2019 269   13.26   17.69   16.92   20.90   18.76   19.73
2019 270   13.11   17.59   16.76   20.84   18.69   19.38
2019 271   12.99   17.42   16.61   20.86   18.69   18.98
2019 272   12.92   17.28   16.46   20.82   18.62   18.67
2019 273   12.80   17.22   16.29   20.84   18.66   18.73
2019 274   12.57   16.89   16.05   20.96   18.79   18.70
2019 275   12.26   16.35   15.63   20.71   18.29   18.18
2019 276   11.93   15.93   15.21   20.10   17.46   17.27
2019 277   11.65   15.63   14.95   19.57   16.85   16.71
2019 278   11.42   15.41   14.80   19.24   16.58   16.28
2019 279   11.14   15.27   14.69   18.94   16.35   15.97
2019 280   11.01   15.16   14.59   18.64   16.07   15.82
2019 281   11.04   15.15   14.60   18.53   15.97   15.81
2019 282   11.04   15.15   14.62   18.48   15.90   15.87
2019 283   11.01   15.09   14.61   18.41   15.80   15.87
2019 284   10.90   14.87   14.55   18.21   15.77   15.70
2019 285   10.68   14.50   14.36   17.81   15.53   15.24
2019 286   10.35   14.04   13.99   17.48   15.12   14.68
2019 287   10.06   13.52   13.54   17.19   14.90   14.13
2019 288    9.86   13.28   13.24   16.89   14.70   13.63
2019 289    9.65   13.01   12.95   16.69   14.51   13.25
2019 290    9.56   12.61   12.47   16.32   14.17   12.63
2019 291    9.50   12.29   12.01   15.91   13.72   12.20
2019 292    9.44   12.15   11.79   15.71   13.48   12.07
2019 293    9.36   11.92   11.69   15.62   13.38   12.10
2019 294    9.26   11.63   11.52   15.50   13.20   12.06
2019 295    9.05   11.32   11.30   15.30   12.96   11.92
2019 296    8.80   10.98   11.09   15.06   12.72   11.80
2019 297    8.61   10.83   10.91   14.88   12.57   11.81
2019 298    8.55   10.78   10.83   14.73   12.44   11.69
2019 299    8.60   10.77   10.81   14.58   12.30   11.55
2019 300    8.59   10.78   10.76   14.47   12.22   11.49
2019 301    8.49   10.71   10.73   14.46   12.21   11.53
2019 302    8.31   10.61   10.72   14.43   12.20   11.52
2019 303    8.21   10.49   10.69   14.37   12.10   11.39
2019 304    8.19   10.38   10.60   14.24   11.82   11.07
2019 305    8.16   10.24   10.46   13.99   11.30   10.48
2019 306    8.07   10.04   10.21   13.67   10.61    9.87
2019 307    7.93    9.79    9.91   13.31    9.98    9.38
2019 308    7.78    9.54    9.60   12.96    9.64    8.82
2019 309    7.64    9.24    9.24   12.58    9.34    8.18
2019 310    7.28    9.08    8.93   12.34    9.12    7.85
2019 311    6.94    8.54    8.42   11.76    8.85    7.27
2019 312    6.79    8.36    7.89   10.64    8.31    6.59
2019 313    6.25    8.20    7.71   10.05    8.01    6.25
2019 314    5.97    7.86    7.48    9.66    7.85    5.87
2019 315    5.78    7.57    7.19    9.17    7.58    5.26
2019 316    5.61    7.27    6.97    8.79    7.34    4.75
2019 317    5.36    6.98    6.77    8.54    7.20    4.40
2019 318    5.17    6.80    6.56    8.30    7.07    4.13
2019 319    5.05    6.70    6.42    8.13    6.96    3.82
2019 320    5.03    6.61    6.34    8.03    6.87    3.70
2019 321    4.96    6.50    6.20    7.92    6.82    3.78
2019 322    4.98    6.51    6.22    7.86    6.79    3.83
2019 323    4.97    6.46    6.18    7.79    6.69    3.97
2019 324    4.95    6.41    6.15    7.70    6.59    4.21
2019 325    4.87    6.38    6.11    7.59    6.55    4.32
2019 326    4.87    6.37    6.08    7.44    6.49    4.32
2019 327    4.89    6.38    6.06    7.36    6.41    4.35
2019 328    4.87    6.38    5.98    7.34    6.36    4.52
2019 329    4.85    6.36    6.02    7.33    6.33    4.66
2019 330    4.79    6.34    6.01    7.33    6.35    4.71
2019 331    4.75    6.28    5.98    7.33    6.35    4.68
2019 332    4.68    6.23    5.93    7.28    6.27    4.64
2019 333    4.65    6.16    5.86    7.17    6.18    4.64
2019 334    4.61    6.05    5.75    7.03    6.06    4.61
2019 335    4.59    5.92    5.65    6.85    5.95    4.54
2019 336    4.55    5.82    5.55    6.64    5.87    4.38
2019 337    4.52    5.75    5.46    6.34    5.80    4.22
2019 338    4.47    5.73    5.40    6.12    5.73    4.01
2019 339    4.40    5.67    5.26    5.92    5.57    3.75
2019 340    4.32    5.51    5.09    5.70    5.38    3.27
2019 341    4.25    5.37    4.94    5.60    5.26    3.18
2019 342    4.23    5.23    4.92    5.52    5.28    3.01
2019 343    4.15    5.08    4.87    5.42    5.21    2.85
2019 344    4.09    4.96    4.76    5.24    5.21    2.70
2019 345    4.03    4.79    4.61    5.14    5.10    2.54
2019 346    3.94    4.67    4.40    5.07    5.00    2.30
2019 347    3.67    4.52    4.07    5.02    4.92    2.36
2019 348    3.62    4.50    4.02    4.83    4.83    2.30
2019 349    3.57    4.49    3.95    4.54    4.72    2.24
2019 350    3.53    4.47    3.88    4.32    4.63    2.19
2019 351    3.54    4.44    3.84    4.18    4.57    2.18
2019 352    3.46    4.40    3.78    4.05    4.47    2.08
2019 353    3.47    4.39    3.67    3.93    4.44    1.94
2019 354    3.45    4.41    3.65    3.90    4.39    1.88
2019 355    3.45    4.47    3.67    3.92    4.43    1.90
2019 356    3.52    4.54    3.80    3.96    4.48    0.98
2019 357    3.55    4.61    3.83    4.03    4.55    1.84
2019 358    3.54    4.58    3.81    4.03    4.55    1.89
2019 359    3.46    4.61    3.81    4.04    4.47    1.81
2019 360    3.39    4.60    3.77    4.09    4.52    1.86
2019 361    3.36    4.47    3.73    4.09    4.54    2.48
2019 362    3.37    4.36    3.69    4.05    4.50    2.66
2019 363    3.36    4.32    3.65    4.03    4.48    2.77
2019 364    3.34    4.28    3.62    4.01    4.47    2.85
2019 365    3.29    4.21    3.57    3.91    4.45    2.78